dim 100 100 100
putbox 60 80 60 80 60 70 0.929 0.823 0.027 0.5
putbox 65 75 55 60 60 70 0.929 0.823 0.027 0.5
putbox 60 75 50 55 60 70 0.929 0.823 0.027 0.5
putbox 57 60 51 54 62 68 1.0 1.0 0.0 0.5
putbox 50 90 47 50 50 80 0.113 0.752 0.788 0.5
putbox 50 51 49 50 50 80 0.113 0.752 0.788 0.5
putbox 50 52 48 49 50 80 0.113 0.752 0.788 0.5
putbox 50 53 47 48 50 80 0.113 0.752 0.788 0.5
putbox 89 90 49 50 50 80 0.113 0.752 0.788 0.5
putbox 88 90 48 49 50 80 0.113 0.752 0.788 0.5
putbox 87 90 47 48 50 80 0.113 0.752 0.788 0.5
putbox 65 70 70 75 70 71 0.0 0.0 0.0 0.1
putbox 65 75 65 70 70 71 1.0 1.0 1.0 1.0
putbox 70 75 70 75 70 71 1.0 1.0 1.0 1.0
putbox 65 70 70 75 59 60 0.0 0.0 0.0 0.1
putbox 65 75 65 70 59 60 1.0 1.0 1.0 1.0
putbox 70 75 70 75 59 60 1.0 1.0 1.0 1.0
putbox 80 84 65 69 62 68 0.980 0.356 0.0 1.0
putvoxel 67 71 71 1.0 1.0 1.0 1.0
putvoxel 67 71 59 1.0 1.0 1.0 1.0
cutbox 50 51 49 50 50 80
cutbox 50 52 48 49 50 80
cutbox 50 53 47 48 50 80
cutbox 89 90 49 50 50 80
cutbox 88 90 48 49 50 80
cutbox 87 90 47 48 50 80
























































